Cost:
45137.59549840216
Routes:
28
0,255,209,47,65,77,282,129,259
0,178,271,115,281,136,286,191,267,145,134,243,220
0,293,162,61,106,261,39,35,24,105,214,27
0,195,57,277,151,169,56,70,194,288,85,198,34
0,222,141,38,23,200,185,79,174,30,228,126
0,32,274,90,73,172,239,208,299,186,199,240,163,19
0,165,15,82,96,67,16,250,170,285,6
0,132,193,122,230,29,1,155,120,42,81
0,142,187,224,279,112,5,290,25,173,17,253,18,100
0,266,207,140,108,41,33,210,246,72,171
0,232,91,11,54,231,86,135,265,76
0,60,103,280,109,78,20,40,87,196
0,43,99,272,164,133,242,166,149,296
0,49,97,10,83,225,127,125,46,292,256,221
0,92,36,168,251,180,263,98,158
0,59,31,268,229,269,213,48,294,238,189,94,206
0,147,176,298,110,247,252,45,119,71,175,203,215
0,52,123,44,113,137,289,227,14,121,144,248,295
0,236,104,287,223,128,150,237,74,156,218,159
0,50,80,190,179,161,181,177,37,244,22,63
0,130,89,62,69,8,270,66,51,75,139
0,13,84,154,182,297,2,264,12,276,167,300,146
0,107,284,245,95,118,212,254,116,204,68
0,53,226,26,157,291,262,102,283,183,138,273,233,234
0,235,111,275,241,152,184,197,201,249
0,257,64,88,4,58,55,7,131,148,202,217,101,21
0,143,192,28,153,9,278,205,258,93,211
0,260,124,216,114,3,188,219,117,160